	var1.pred	var1.var	observed	residual	zscore	fold	easting	northing	optional	
1	26.7555239	132.1251536	26.70000076	-0.05552314	-0.00483038	1	4658.090818	2620.540273	TRUE	
2	34.86211389	137.0819974	45.70000076	10.83788687	0.92566619	2	4592.86561	2815.451459	TRUE	
3	55.61836153	103.3897353	34.90000153	-20.71836	-2.037589356	3	4761.515133	2794.612724	TRUE	
4	57.11483101	102.9562708	71.19999695	14.08516594	1.388147342	4	4813.48404	2813.615243	TRUE	
5	56.28433695	101.9740284	61.5	5.215663046	0.516493355	5	4799.839441	2795.595272	TRUE	
6	52.75054592	120.1625083	44.20000076	-8.550545152	-0.780026419	6	4827.679324	2762.800515	TRUE	
7	34.09675313	143.643296	30.39999962	-3.696753514	-0.308445056	7	4775.999024	2644.867013	TRUE	
8	22.6165822	120.8791219	20.60000038	-2.016581815	-0.183417259	8	4465.142662	2706.921665	TRUE	
9	33.36706423	128.5479527	39.29999924	5.932935007	0.523283461	9	4640.332757	2726.22534	TRUE	
10	56.47560563	92.52639388	58.70000076	2.224395129	0.231248603	10	4763.128941	2818.851398	TRUE	
11	41.94455781	129.124358	32.90000153	-9.044556282	-0.795945218	11	4789.066629	2707.423439	TRUE	
12	27.43067894	144.1821477	17.60000038	-9.830678554	-0.81870558	12	4564.462333	2652.140817	TRUE	
13	51.57732562	103.3860019	66.40000153	14.82267591	1.457792604	13	4757.834094	2862.928519	TRUE	
14	33.35091724	122.8827932	28.89999962	-4.450917621	-0.401517075	14	4669.569028	2689.195911	TRUE	
15	22.08742728	124.764326	20.10000038	-1.9874269	-0.177928678	15	4462.035507	2689.894163	TRUE	
16	29.7135009	126.2591679	26	-3.713500902	-0.330485243	16	4695.135883	2633.962017	TRUE	
17	54.69067589	105.2066812	67.90000153	13.20932563	1.287831329	17	4818.240871	2793.295313	TRUE	
18	55.79428501	93.12756301	55.5	-0.294285012	-0.030495027	18	4761.267698	2813.618701	TRUE	
19	54.42846702	98.07112449	58.79999924	4.371532213	0.441431281	19	4746.624304	2821.008746	TRUE	
20	54.62994176	92.69512035	66.5	11.87005824	1.232890237	20	4755.143045	2819.263509	TRUE	
21	57.43497876	103.5388765	66.80000305	9.36502429	0.920358831	21	4803.507506	2830.09146	TRUE	max(pmk.exp.cv$var1.pred)
22	56.64759885	99.26140262	57.29999924	0.652400389	0.065482312	22	4759.558097	2841.620197	TRUE	
23	56.55182449	91.77018838	57.40000153	0.848177036	0.088539221	23	4758.826314	2819.186047	TRUE	min(pmk.exp.cv$var1.var)
24	39.39663099	112.5195639	35.72700119	-3.669629805	-0.345945937	24	3983.512197	3135.908362	TRUE	
25	31.2878132	108.5002306	25.95499992	-5.332813281	-0.511965914	25	3975.411103	3078.235319	TRUE	
26	29.36574348	112.5568091	25.16699982	-4.198743665	-0.395761438	26	3944.32869	3074.134516	TRUE	
27	26.46056636	116.4605285	39.83300018	13.37243382	1.239142004	27	4038.289073	3065.175326	TRUE	
28	26.29929607	106.1832455	34	7.700703927	0.747312813	28	3965.750963	3055.581762	TRUE	
29	26.28842759	111.5210836	20.29199982	-5.996427771	-0.567824486	29	4036.28893	3028.999569	TRUE	
30	26.85353324	109.6489063	22.58300018	-4.270533062	-0.40783072	30	3981.578558	3029.072324	TRUE	
31	25.57038267	125.6215834	20.95800018	-4.612382489	-0.411522119	31	3934.600393	3012.395301	TRUE	
32	21.55048459	124.6843119	29	7.449515408	0.667147889	32	3976.392717	2985.109765	TRUE	
33	31.24560764	174.2366141	14.85700035	-16.38860728	-1.241573221	33	3801.498342	3126.932756	TRUE	
34	22.12849732	173.4284929	18.20000076	-3.928496561	-0.29830886	34	4012.259351	2569.348995	TRUE	
35	20.94276465	178.1412511	24.79999924	3.85723459	0.288997312	35	4238.56387	2561.403686	TRUE	
36	19.31664071	151.2951195	21.70000076	2.383360056	0.193765832	36	4087.658552	2638.094331	TRUE	
37	22.10619089	150.038543	17.39999962	-4.706191275	-0.38420955	37	4100.452029	2562.667655	TRUE	
38	19.68447653	154.2234484	22.5	2.81552347	0.226716927	38	4238.390505	2707.962035	TRUE	
39	51.81175421	108.5683811	52	0.188245789	0.018066482	39	4884.18437	2971.519171	TRUE	
40	57.15109078	110.9090889	42	-15.15109078	-1.438667164	40	4923.611579	2972.764988	TRUE	
41	52.00412321	109.370407	37	-15.00412321	-1.434698709	41	4863.201274	2990.610154	TRUE	
42	39.43266809	110.0388553	50	10.56733191	1.007377662	42	4617.068262	3046.980684	TRUE	
43	44.51692098	108.5976065	47	2.483079018	0.238276062	43	4819.966683	3003.625527	TRUE	
44	47.28800087	107.392439	42	-5.288000867	-0.510275439	44	4768.533215	2905.597668	TRUE	
45	38.93610369	110.0090866	34.5	-4.436103688	-0.422948422	45	4677.891089	3104.285977	TRUE	
46	47.75212772	123.2459206	33.58300018	-14.16912753	-1.276311942	46	4833.070825	3039.620233	TRUE	
47	38.29975891	125.6595697	21	-17.29975891	-1.543271254	47	4581.852541	2963.013978	TRUE	
48	39.53870758	127.7655667	32.45800018	-7.080707398	-0.626425943	48	4688.181571	2952.696426	TRUE	
49	42.54457103	110.3977907	39	-3.544571035	-0.337352158	49	4763.320164	2937.319365	TRUE	
50	51.04811177	104.3752513	51	-0.04811177	-0.004709259	50	4766.927978	2881.528205	TRUE	
51	41.46810346	103.9653887	56.70800018	15.23989673	1.494643553	51	4581.017766	3059.160912	TRUE	
52	50.91761778	118.5659554	35	-15.91761778	-1.461834036	52	4836.90247	2908.742075	TRUE	
53	52.94898504	111.7376864	43.29199982	-9.656985221	-0.913569789	53	4814.500456	2875.75281	TRUE	
54	40.51178498	107.5787872	61	20.48821502	1.975335193	54	4799.604069	2982.296322	TRUE	
55	53.4798502	126.1410559	51	-2.479850201	-0.220799058	55	4951.556608	2979.957107	TRUE	
56	37.02891294	111.6411556	43	5.971087058	0.565120734	56	4680.47174	3069.481807	TRUE	
57	37.82753078	115.7597272	40	2.172469224	0.20191793	57	4739.457116	3011.064302	TRUE	
58	40.79142275	106.495261	43	2.208577251	0.214016597	58	4595.745062	3029.097711	TRUE	
59	38.59143648	112.3021294	38.25	-0.341436476	-0.032219287	59	4695.907725	3088.95823	TRUE	
60	39.98745055	109.3700036	32	-7.987450552	-0.763763798	60	4569.833949	3012.329329	TRUE	
61	48.41193896	106.1258726	82.09100342	33.67906446	3.269259407	61	4903.193587	2988.669632	TRUE	
62	42.73841245	109.6108159	24	-18.73841245	-1.789806532	62	4755.638208	2975.942472	TRUE	
63	39.23846636	108.0027184	49.33300018	10.09453382	0.971334746	63	4558.060341	3035.136319	TRUE	
64	41.95732066	108.8945381	41	-0.957320665	-0.091739081	64	4781.012076	3005.461957	TRUE	
65	46.25768073	111.3062193	7.458000183	-38.79968055	-3.677633393	65	4637.979168	3105.534716	TRUE	
66	51.34547595	120.1971124	65.5	14.15452405	1.291065433	66	4924.48339	3013.856195	TRUE	
67	43.81595148	135.9496914	42.52500153	-1.29094995	-0.110718525	67	4300.108407	3379.651514	TRUE	
68	24.24716082	139.2432789	16.77099991	-7.476160916	-0.633565499	68	4412.155413	2762.437498	TRUE	
69	43.83548077	112.8311636	49.38299942	5.547518654	0.522256962	69	4568.846932	3266.033147	TRUE	
70	42.35239216	115.6175375	48.5870018	6.23460964	0.579825631	70	4540.123127	3267.498945	TRUE	
71	31.48431626	115.3221357	42.7480011	11.26368484	1.048876009	71	4246.462122	3147.227327	TRUE	
72	17.20369659	130.4713448	18.43799973	1.234303131	0.108059825	72	4070.872699	2928.529702	TRUE	
73	41.86828769	125.4978831	58.11000061	16.24171293	1.449818476	73	4530.80344	3136.858547	TRUE	
74	25.48796249	135.40569	32.83300018	7.345037691	0.631212472	74	4347.593787	3050.059854	TRUE	
75	16.20059825	121.2258054	15.80900002	-0.39159823	-0.035566668	75	4204.37798	2886.741149	TRUE	
76	44.50467735	130.5808262	53.87799835	9.373321004	0.820264251	76	4242.060825	3414.310772	TRUE	
77	20.33789332	113.0930925	13.34599972	-6.991893601	-0.657471256	77	4235.584048	2949.659751	TRUE	
78	38.37733391	123.1060945	36.31900024	-2.05833367	-0.185513706	78	4411.867059	3355.773833	TRUE	
79	33.13817982	133.5486664	44.6629982	11.52481838	0.997273576	79	4456.985862	3414.216409	TRUE	
80	42.97497381	122.043936	48.09999847	5.125024663	0.463914404	80	4593.127914	3280.25118	TRUE	
81	35.37806285	127.0251738	25.15699959	-10.22106326	-0.906882825	81	4438.12851	3076.89022	TRUE	
82	18.05109258	118.8793544	11.77499962	-6.276092964	-0.575620363	82	4118.732111	2962.574989	TRUE	
83	46.33488392	128.040777	52.64300156	6.308117641	0.557475305	83	4194.581092	3389.28202	TRUE	
84	30.75277384	116.2283611	27.63500023	-3.117773606	-0.289193495	84	4253.259289	3116.417046	TRUE	
85	36.17802524	157.1462792	39.52500153	3.34697629	0.266993436	85	4603.2264	3387.479821	TRUE	
86	42.92241999	127.3705859	40.35599899	-2.566420994	-0.227401501	86	4496.107951	3234.690273	TRUE	
87	30.76529552	133.7455278	33.625	2.859704482	0.247275746	87	4527.871125	2789.372739	TRUE	
88	31.60683581	131.2508865	29.83300018	-1.773835625	-0.154832544	88	4443.598476	3024.901638	TRUE	
89	27.24376253	117.1273741	22.88100052	-4.362762013	-0.40311812	89	4193.899916	3092.562514	TRUE	
90	41.64941017	130.098401	25.70999908	-15.93941108	-1.397450045	90	4523.818333	3341.233763	TRUE	
91	26.83607713	140.4063112	31.22900009	4.392922966	0.37073217	91	4451.494764	2861.56766	TRUE	
92	36.25723471	119.6609318	53.90999985	17.65276514	1.613751106	92	4652.103391	3141.254946	TRUE	
93	17.28692711	112.5376217	18.86800003	1.581072919	0.149040066	93	4230.654512	2928.759716	TRUE	
94	45.48126	133.6989141	49.27700043	3.795740423	0.328271035	94	4137.086276	3404.410548	TRUE	
95	16.64588901	118.2623968	8.217000008	-8.428889	-0.775080831	95	4162.814655	2908.698073	TRUE	
96	33.56086218	122.0464819	27.14599991	-6.414862271	-0.580663736	96	4381.436413	3136.156889	TRUE	
97	43.16704059	116.4522035	53.97999954	10.81295896	1.00200687	97	4578.1918	3118.503605	TRUE	
98	17.07607674	117.785486	24.3560009	7.27992416	0.670781329	98	4214.269032	2969.143935	TRUE	
99	45.94087105	106.9214314	39.54999924	-6.390871811	-0.618055854	99	4565.92363	3066.61602	TRUE	
100	19.09853938	137.3240816	20.40200043	1.303461049	0.111230709	100	4262.249091	2803.860615	TRUE	
101	34.81055752	128.2640029	36.05899811	1.248440585	0.110233979	101	4192.615395	3163.858683	TRUE	
102	33.5538034	126.0210708	45.57500076	12.02119736	1.070843845	102	4291.843492	3183.35295	TRUE	
103	46.39032494	127.1715522	41.29800034	-5.092324603	-0.451565853	103	4600.099487	3206.373433	TRUE	
104	31.57019569	135.2721968	31.45800018	-0.112195507	-0.009646532	104	4505.857416	2928.268371	TRUE	
105	34.87217872	125.1260179	35.37200165	0.499822928	0.044683004	105	4393.19216	3172.959099	TRUE	
106	38.9229412	118.5704522	38.27999878	-0.64294242	-0.059045097	106	4372.039459	3299.369867	TRUE	
107	20.06260949	134.3029815	20	-0.062609494	-0.005402532	107	4289.675117	2863.56127	TRUE	
108	38.93275123	114.4679981	34.74599838	-4.186752844	-0.391322915	108	4399.430563	3317.12145	TRUE	
109	24.20377699	116.6072322	20.22900009	-3.974776899	-0.368086605	109	4063.041891	3023.498902	TRUE	
110	41.40661708	174.8722742	42.7480011	1.341384022	0.101436125	110	4212.503524	3536.761427	TRUE	
111	25.89324007	120.8259684	20.125	-5.768240066	-0.524762974	111	4177.993238	3074.775489	TRUE	
112	15.20913861	116.655819	14.3579998	-0.851138809	-0.078803805	112	4124.656084	2926.97343	TRUE	
113	34.12273605	120.0343351	18.95700073	-15.16573532	-1.38423787	113	4305.276024	3131.224528	TRUE	
114	37.96397585	119.7499945	39.69400024	1.73002439	0.158093668	114	4400.44413	3276.643304	TRUE	
115	35.13280441	150.0131453	25.39999962	-9.732804788	-0.794645364	115	4497.618225	3484.511841	TRUE	
116	35.74226842	154.3463999	35.22299957	-0.519268848	-0.041796895	116	4368.436679	3515.858952	TRUE	
117	34.29285797	192.4692548	20.40200043	-13.89085754	-1.001263477	117	4454.283247	3623.075404	TRUE	max(pmk.exp.cv$var1.var)
118	45.03544467	117.7147739	36.94599915	-8.089445522	-0.745595483	118	4023.479757	3321.221184	TRUE	
119	42.56496097	113.076589	43.12599945	0.561038478	0.052760184	119	4051.686288	3290.258793	TRUE	
120	38.80686091	110.3098266	60.58100128	21.77414037	2.073165235	120	3984.566786	3167.71473	TRUE	
121	44.54038495	120.0543865	42.01399994	-2.526385011	-0.230574099	121	3946.893319	3257.276479	TRUE	
122	40.88996864	121.026679	37.93299866	-2.95696998	-0.268785822	122	4088.473255	3225.708943	TRUE	
123	40.34877752	105.6008761	49.9090004	9.560222881	0.930324068	123	3941.730767	3185.635925	TRUE	
124	42.02433591	113.8111829	40.27199936	-1.752336551	-0.16425744	124	4076.266892	3259.350026	TRUE	
125	38.90500023	110.4986641	33.22600174	-5.678998494	-0.540248089	125	3929.267973	3162.273564	TRUE	
126	44.23403688	129.2988932	41.53300095	-2.701035938	-0.237537925	126	4073.104735	3364.543106	TRUE	
127	32.49435371	126.5180946	26.95499992	-5.539353788	-0.492473405	127	3885.628617	3150.231259	TRUE	
128	43.55971147	125.6460941	41.79100037	-1.768711107	-0.157791065	128	4114.587727	3311.905437	TRUE	
129	41.63252295	120.2312509	36.02799988	-5.60452307	-0.51112836	129	4033.510708	3167.109657	TRUE	
130	43.31037764	115.5655436	45.09199905	1.781621415	0.165730042	130	4027.211565	3231.17272	TRUE	
131	42.71758733	108.3233647	43.80699921	1.089411876	0.104672123	131	3938.520456	3200.914841	TRUE	
132	41.51605665	124.0502401	50.36899948	8.852942833	0.794856729	132	3987.515254	3310.903116	TRUE	
133	43.93349119	112.1143829	49.65200043	5.718509241	0.540072622	133	3967.945888	3237.968189	TRUE	
